0,-4,-4,0,1.0201999999999998,(74301921.04+735662.24j)
0,-4,-2,0,1.7690000000000001,(-148695.8+19776563.2j)
0,-4,0,0,2.3105,(30470132.44+200461.6j)
0,-4,2,0,1.7689000000000001,(-0-19776563.2j)
0,-4,4,0,1.0201,(74301920.96-0j)
0,-2,-4,0,1.7690000000000001,(-148695.8+19776563.2j)
0,-2,-2,0,5.153,(-63434593.48-279447.2j)
0,-2,0,0,9.9226,(155497.2-48981645.16j)
0,-2,2,0,5.1529,(63434593.44-0j)
0,-2,4,0,1.7689000000000001,19776563.2j
0,0,-4,0,2.3105,(30470132.44+200461.6j)
0,0,-2,0,9.9226,(155497.2-48981645.16j)
0,0,0,0,27.144099999999998,(395624733+0j)
0,0,2,0,9.9226,(155497.2+48981645.16j)
0,0,4,0,2.3105,(30470132.44-200461.6j)
0,2,-4,0,1.7689000000000001,-19776563.2j
0,2,-2,0,5.1529,(63434593.44+0j)
0,2,0,0,9.9226,(155497.2+48981645.16j)
0,2,2,0,5.153,(-63434593.48+279447.2j)
0,2,4,0,1.7690000000000001,(-148695.8-19776563.2j)
0,4,-4,0,1.0201,(74301920.96+0j)
0,4,-2,0,1.7689000000000001,(-0+19776563.2j)
0,4,0,0,2.3105,(30470132.44-200461.6j)
0,4,2,0,1.7690000000000001,(-148695.8-19776563.2j)
0,4,4,0,1.0201999999999998,(74301921.04-735662.24j)
1,-5,-5,0,0.6084999999999999,(-91122.72+7107576.72j)
1,-5,-4,0,0.769,(5740735.08-5558489.52j)
1,-5,-3,0,0.9604999999999999,(-8930032.32-91122.72j)
1,-5,-2,0,1.1553999999999998,(6834208.44+7016454j)
1,-5,-1,0,1.2997,(91122.72-10387996.8j)
1,-5,0,0,1.3612999999999997,(-7563190.68+7472067.84j)
1,-5,1,0,1.2997,(10387996.8+91122.72j)
1,-5,2,0,1.1552,(-6925331.16-6925331.16j)
1,-5,3,0,0.9603999999999999,(-0+8930032.32j)
1,-5,4,0,0.7688,(5649612.36-5649612.36j)
1,-5,5,0,0.6084,(-7107576.72+0j)
1,-4,-5,0,0.769,(-5740735.08+5558489.52j)
1,-4,-3,0,1.3612999999999997,(-7472067.84-7563190.68j)
1,-4,-1,0,2.1425,(9476769-9385646.28j)
1,-4,1,0,2.1425,(9385646.28+9476769j)
1,-4,3,0,1.3612999999999997,(-7563190.68+7472067.84j)
1,-4,5,0,0.7688,(-5649612.36-5649612.36j)
1,-3,-5,0,0.9604999999999999,(-8930032.32-91122.72j)
1,-3,-4,0,1.3612999999999997,(7472067.84+7563190.68j)
1,-3,-3,0,2.0165,(91122.72-12939434.64j)
1,-3,-2,0,2.9524999999999997,(-11116979.04+11025856.32j)
1,-3,-1,0,4.000100000000001,(18224555.88+91122.72j)
1,-3,0,0,4.530100000000001,(-13668416.88-13759539.6j)
1,-3,1,0,4.000100000000001,(-91122.72+18224555.88j)
1,-3,2,0,2.9524999999999997,(11116979.04-11025856.32j)
1,-3,3,0,2.0164,(-12939434.64+0j)
1,-3,4,0,1.3612999999999997,(7563190.68+7472067.84j)
1,-3,5,0,0.9603999999999999,-8930032.32j
1,-2,-5,0,1.1553999999999998,(-6834208.44-7016454j)
1,-2,-3,0,2.9524999999999997,(11116979.04-11025856.32j)
1,-2,-1,0,8.2013,(18406801.44+18497924.16j)
1,-2,1,0,8.2013,(-18497924.16+18406801.44j)
1,-2,3,0,2.9524999999999997,(-11116979.04-11025856.32j)
1,-2,5,0,1.1552,(6925331.16-6925331.16j)
1,-1,-5,0,1.2997,(91122.72-10387996.8j)
1,-1,-4,0,2.1425,(-9476769+9385646.28j)
1,-1,-3,0,4.000100000000001,(18224555.88+91122.72j)
1,-1,-2,0,8.2013,(-18406801.44-18497924.16j)
1,-1,-1,0,15.523699999999998,(-91122.72+35902374.96j)
1,-1,0,0,20.161300000000004,(28977043.8-28885920.96j)
1,-1,1,0,15.5236,(-35902374.96+0j)
1,-1,2,0,8.2013,(18497924.16+18406801.44j)
1,-1,3,0,4.000100000000001,(-91122.72-18224555.88j)
1,-1,4,0,2.1425,(-9385646.28+9476769j)
1,-1,5,0,1.2997,(10387996.8-91122.72j)
1,0,-5,0,1.3612999999999997,(7563190.68-7472067.84j)
1,0,-3,0,4.530100000000001,(13668416.88+13759539.6j)
1,0,-1,0,20.161300000000004,(-28977043.8+28885920.96j)
1,0,1,0,20.161300000000004,(-28977043.8-28885920.96j)
1,0,3,0,4.530100000000001,(13668416.88-13759539.6j)
1,0,5,0,1.3612999999999997,(7563190.68+7472067.84j)
1,1,-5,0,1.2997,(10387996.8+91122.72j)
1,1,-4,0,2.1425,(-9385646.28-9476769j)
1,1,-3,0,4.000100000000001,(-91122.72+18224555.88j)
1,1,-2,0,8.2013,(18497924.16-18406801.44j)
1,1,-1,0,15.5236,(-35902374.96-0j)
1,1,0,0,20.161300000000004,(28977043.8+28885920.96j)
1,1,1,0,15.523699999999998,(-91122.72-35902374.96j)
1,1,2,0,8.2013,(-18406801.44+18497924.16j)
1,1,3,0,4.000100000000001,(18224555.88-91122.72j)
1,1,4,0,2.1425,(-9476769-9385646.28j)
1,1,5,0,1.2997,(91122.72+10387996.8j)
1,2,-5,0,1.1552,(6925331.16+6925331.16j)
1,2,-3,0,2.9524999999999997,(-11116979.04+11025856.32j)
1,2,-1,0,8.2013,(-18497924.16-18406801.44j)
1,2,1,0,8.2013,(18406801.44-18497924.16j)
1,2,3,0,2.9524999999999997,(11116979.04+11025856.32j)
1,2,5,0,1.1553999999999998,(-6834208.44+7016454j)
1,3,-5,0,0.9603999999999999,8930032.32j
1,3,-4,0,1.3612999999999997,(7563190.68-7472067.84j)
1,3,-3,0,2.0164,(-12939434.64-0j)
1,3,-2,0,2.9524999999999997,(11116979.04+11025856.32j)
1,3,-1,0,4.000100000000001,(-91122.72-18224555.88j)
1,3,0,0,4.530100000000001,(-13668416.88+13759539.6j)
1,3,1,0,4.000100000000001,(18224555.88-91122.72j)
1,3,2,0,2.9524999999999997,(-11116979.04-11025856.32j)
1,3,3,0,2.0165,(91122.72+12939434.64j)
1,3,4,0,1.3612999999999997,(7472067.84-7563190.68j)
1,3,5,0,0.9604999999999999,(-8930032.32+91122.72j)
1,4,-5,0,0.7688,(-5649612.36+5649612.36j)
1,4,-3,0,1.3612999999999997,(-7563190.68-7472067.84j)
1,4,-1,0,2.1425,(9385646.28-9476769j)
1,4,1,0,2.1425,(9476769+9385646.28j)
1,4,3,0,1.3612999999999997,(-7472067.84+7563190.68j)
1,4,5,0,0.769,(-5740735.08-5558489.52j)
1,5,-5,0,0.6084,(-7107576.72-0j)
1,5,-4,0,0.7688,(5649612.36+5649612.36j)
1,5,-3,0,0.9603999999999999,(-0-8930032.32j)
1,5,-2,0,1.1552,(-6925331.16+6925331.16j)
1,5,-1,0,1.2997,(10387996.8-91122.72j)
1,5,0,0,1.3612999999999997,(-7563190.68-7472067.84j)
1,5,1,0,1.2997,(91122.72+10387996.8j)
1,5,2,0,1.1553999999999998,(6834208.44-7016454j)
1,5,3,0,0.9604999999999999,(-8930032.32+91122.72j)
1,5,4,0,0.769,(5740735.08+5558489.52j)
1,5,5,0,0.6084999999999999,(-91122.72-7107576.72j)
