1 0.0 0.0 0.0
1 0.5 0.5 0.0
1 0.5 0.0 0.5
1 0.0 0.5 0.5
1 0.75 0.25 0.25
1 0.25 0.75 0.25
1 0.25 0.25 0.75
1 0.75 0.75 0.75
2 0.125 0.125 0.375
2 0.375 0.125 0.125
2 0.125 0.375 0.125
2 0.375 0.375 0.375
2 0.625 0.625 0.375
2 0.875 0.625 0.125
2 0.625 0.875 0.125
2 0.875 0.875 0.375
2 0.125 0.625 0.875
2 0.125 0.875 0.625
2 0.375 0.625 0.625
2 0.375 0.875 0.875
2 0.625 0.125 0.875
2 0.875 0.125 0.625
2 0.625 0.375 0.625
2 0.875 0.375 0.875
3 0.125 0.125 0.125
3 0.375 0.125 0.375
3 0.625 0.125 0.125
3 0.875 0.125 0.375
3 0.125 0.375 0.375
3 0.375 0.375 0.125
3 0.625 0.375 0.375
3 0.875 0.375 0.125
3 0.125 0.625 0.125
3 0.375 0.625 0.375
3 0.625 0.625 0.125
3 0.875 0.625 0.375
3 0.125 0.875 0.375
3 0.375 0.875 0.125
3 0.625 0.875 0.375
3 0.875 0.875 0.125
3 0.125 0.125 0.625
3 0.375 0.125 0.875
3 0.625 0.125 0.625
3 0.875 0.125 0.875
3 0.125 0.375 0.875
3 0.375 0.375 0.625
3 0.625 0.375 0.875
3 0.875 0.375 0.625
3 0.125 0.625 0.625
3 0.375 0.625 0.875 
3 0.625 0.625 0.625
3 0.875 0.625 0.875
3 0.125 0.875 0.875
3 0.375 0.875 0.625
3 0.625 0.875 0.875
3 0.875 0.875 0.625